1780982980119 41.07701215981471 0
1780983149879 69.47307469600463 1
1780983317868 75.21713954834973 2
1780983485919 78.6682107701216 3
1780983653753 80.93804284887088 4
1780983821253 82.74464389114071 5
1780983991837 83.52055587724378 6
1780984159872 84.88708743485813 7
1780984327786 85.79038795599305 8
1780984495262 86.67052692530399 9
1780984662421 86.9137232194557 10
1780984830499 88.17602779386219 11
1780984998039 88.59293572669368 12
1780985165682 89.06774753908512 13
1780985333416 89.4962362478286 14
1780985500776 90.87434858135495 15
1780985668324 91.0828025477707 16
1780985835657 91.56919513607411 17
1780986003010 91.96294151708165 18
1780986171724 92.32194557035321 19
1780986339179 92.43775332947307 20
