1780982980119 2.2964953426961547 0
1780983149879 1.5111350187548884 1
1780983317868 1.3487750230012117 2
1780983485919 1.253458257736983 3
1780983653753 1.1948765904815108 4
1780983821253 1.1462758234253636 5
1780983991837 1.1132128181280914 6
1780984159872 1.080342111543373 7
1780984327786 1.0548977472164012 8
1780984495262 1.0323826233545939 9
1780984662421 1.0138356957170698 10
1780984830499 0.9831278968740392 11
1780984998039 0.9652961097381733 12
1780985165682 0.9565908432006835 13
1780985333416 0.939185474537037 14
1780985500776 0.905752878718906 15
1780985668324 0.9018803669346703 16
1780985835657 0.8779463818779698 17
1780986003010 0.8721198876698811 18
1780986171724 0.8660636533189703 19
1780986339179 0.8647805467799857 20
