1780962924190 23.05732484076433 0
1780962989130 61.34337000579039 1
1780963053784 70.06369426751593 2
1780963119081 74.38332368268674 3
1780963184499 77.46381007527505 4
1780963247884 79.7452229299363 5
1780963304619 81.80660104226983 6
1780963361323 82.3393167342212 7
1780963418220 83.9143022582513 8
1780963481841 84.97973364215403 9
1780963546759 85.54719166184134 10
1780963611491 86.45049218297626 11
1780963676390 87.89808917197452 12
1780963740523 88.45396641574986 13
1780963805177 89.4151708164447 14
1780963869887 89.87840185292414 15
1780963934549 90.22582513028372 16
1780963998294 90.81644470179502 17
1780964062288 91.34916039374639 18
1780964126275 91.22177185871453 19
1780964190045 92.20613781123335 20
1780964253906 92.77359583092067 21
1780964317803 92.65778807180081 22
1780964381629 93.1673422119282 23
1780964446284 94.27909669947887 24
1780964510686 93.5031847133758 25
1780964575279 93.83902721482339 26
1780964639627 93.90851187029531 27
1780964703733 94.26751592356688 28
1780964768066 94.12854661262304 29
1780964832346 94.23277359583092 30
1780964896763 94.85813549507817 31
1780964960863 94.96236247828604 32
1780965025312 95.39085118702953 33
1780962924190 23.05732484076433 0
