1780962924190 2.870866041713291 0
1780962989130 1.7447215919141417 1
1780963053784 1.505930416672318 2
1780963119081 1.3838536156548393 3
1780963184499 1.2944108817312452 4
1780963247884 1.2295104965015693 5
1780963304619 1.1772145253640633 6
1780963361323 1.142778601690575 7
1780963418220 1.1087924548873196 8
1780963481841 1.0727018987690962 9
1780963546759 1.059355131785075 10
1780963611491 1.03165755338139 11
1780963676390 0.993979252047009 12
1780963740523 0.9796814245206339 13
1780963805177 0.9513182542942188 14
1780963869887 0.9390083701522262 15
1780963934549 0.9236063957214355 16
1780963998294 0.9140512099972478 17
1780964062288 0.8982839105305849 18
1780964126275 0.8968115367271282 19
1780964190045 0.8700424936082628 20
1780964253906 0.8575069222185346 21
1780964317803 0.8583740750948589 22
1780964381629 0.8466172366230577 23
1780964446284 0.8167588203041641 24
1780964510686 0.8347068475352393 25
1780964575279 0.8323414277147364 26
1780964639627 0.8255295640892453 27
1780964703733 0.8155966860276681 28
1780964768066 0.8176390564000166 29
1780964832346 0.8129560726660269 30
1780964896763 0.7974624706639184 31
1780964960863 0.7979683873830018 32
1780965025312 0.7865356175987809 33
1780962924190 2.870866041713291 0
