1780978271500 37.29009843659525 0
1780978311960 69.95946728430805 1
1780978353285 76.0856977417487 2
1780978395380 79.52518818760856 3
1780978435489 81.47075854082223 4
1780978476106 83.35842501447597 5
1780978516019 84.8407643312102 6
1780978557253 85.96409959467285 7
1780978597427 86.99478865083961 8
1780978637510 88.82455124493342 9
1780978677628 89.12565141864505 10
1780978717454 90.09843659525188 11
1780978758059 91.29125651418646 12
1780978798403 91.45338737695425 13
1780978838192 92.77359583092067 14
1780978877890 92.47249565720904 15
1780978917500 92.85466126230457 16
1780978958029 93.23682686740011 17
1780978998556 93.9200926462073 18
1780979038132 94.45280833815866 19
1780978271500 37.29009843659525 0
