1780978271500 2.491406441617895 0
1780978311960 1.5006054864989387 1
1780978353285 1.333597144815657 2
1780978395380 1.2373825856932887 3
1780978435489 1.1766134275330438 4
1780978476106 1.1261966791417863 5
1780978516019 1.0812623299934245 6
1780978557253 1.044217704402076 7
1780978597427 1.0191420053994213 8
1780978637510 0.9696936262978448 9
1780978677628 0.9577566292550829 10
1780978717454 0.9308999825406957 11
1780978758059 0.8950072657178949 12
1780978798403 0.89136331015163 13
1780978838192 0.8568542650452367 14
1780978877890 0.8591782841417525 15
1780978917500 0.8527103730925807 16
1780978958029 0.8401368207401699 17
1780978998556 0.8275754431883494 18
1780979038132 0.8103499567067182 19
1780978271500 2.491406441617895 0
