1780979111135 2.881549629017159 0
1780979170193 1.762441873550415 1
1780979231739 1.4885094179047478 2
1780979290205 1.3752711388799879 3
1780979348758 1.3020102644408191 4
1780979408299 1.244390838013755 5
1780979468940 1.182891320961493 6
1780979527414 1.148941214658596 7
1780979586509 1.112826954876935 8
1780979645372 1.0776050750856045 9
1780979703783 1.0558971998868165 10
1780979762065 1.012950250175264 11
1780979821320 1.0029202551753433 12
1780979880051 0.9685542155195166 13
1780979938207 0.9631439376760412 14
1780979996752 0.9381624455805178 15
1780980055906 0.9175169154449746 16
1780980114060 0.9033829152584076 17
1780980172081 0.9110184320697078 18
1780980231072 0.8853274347605529 19
