1780979111135 22.072958888245513 0
1780979170193 61.57498552403011 1
1780979231739 70.72379849449914 2
1780979290205 74.77707006369427 3
1780979348758 77.26693688477128 4
1780979408299 78.63346844238563 5
1780979468940 81.55182397220614 6
1780979527414 82.23508975101332 7
1780979586509 83.63636363636364 8
1780979645372 84.67863346844238 9
1780979703783 85.45454545454545 10
1780979762065 87.26114649681529 11
1780979821320 87.37695425593515 12
1780979880051 88.88245512449335 13
1780979938207 89.02142443543717 14
1780979996752 90.17950202663579 15
1780980055906 90.56166763173132 16
1780980114060 91.22177185871453 17
1780980172081 90.77012159814707 18
1780980231072 91.673422119282 19
1780979111135 22.072958888245513 0
