1780980406000 2.399004977720755 0
1780980565097 1.4683986482796845 1
1780980724479 1.3026517508206543 2
1780980884702 1.22084824707773 3
1780981043612 1.1594055233178315 4
1780981202892 1.1016503442216803 5
1780981362146 1.0653219476894096 6
1780981520972 1.0299921113031882 7
1780981679494 1.0011660390430026 8
1780981838336 0.993579199358269 9
1780981997113 0.951134153869417 10
1780982155866 0.9329183805871892 11
1780982314028 0.9186935676468744 12
1780982472846 0.8947311085683328 13
1780982631491 0.880084400706821 14
1780982789944 0.8633760805483217 15
1780980406000 2.399004977720755 0
