1780980406000 39.45570353213665 0
1780980565097 71.90503763752172 1
1780980724479 77.38274464389114 2
1780980884702 80.12738853503184 3
1780981043612 81.98031268094962 4
1780981202892 84.09959467284308 5
1780981362146 85.0839606253619 6
1780981520972 86.23045744064852 7
1780981679494 87.30746960046324 8
1780981838336 87.67805442964679 9
1780981997113 89.00984365952519 10
1780982155866 89.82049797336421 11
1780982314028 90.17950202663579 12
1780982472846 91.25651418645049 13
1780982631491 91.9166184134337 14
1780982789944 92.3335263462652 15
1780980406000 39.45570353213665 0
