1780959016713 2.2779576623881304 0
1780959190585 1.469101204254009 1
1780959367613 1.3124376193240836 2
1780959542506 1.2330943884672942 3
1780959716896 1.160383830247102 4
1780959889819 1.1112784056751817 5
1780960060452 1.0645875849105693 6
1780960231974 1.0535763517574028 7
1780960405859 1.0002332592452015 8
1780960579587 0.9802816658108323 9
1780960753157 0.9513606881653821 10
1780960926948 0.9316663086414337 11
1780961100891 0.9104785983209257 12
1780961274912 0.8910131487581465 13
1780961448566 0.88330522886029 14
1780961622334 0.8481574380839313 15
1780961793473 0.8516567130883534 16
1780961964690 0.8228359619776408 17
