1780959016713 43.94904458598726 0
1780959190585 72.44933410538506 1
1780959367613 77.03532136653156 2
1780959542506 80.17371163867979 3
1780959716896 82.40880138969311 4
1780959889819 84.13433700057904 5
1780960060452 85.58193398957731 6
1780960231974 86.18413433700059 7
1780960405859 87.77070063694268 8
1780960579587 88.44238563983787 9
1780960753157 89.78575564562826 10
1780960926948 90.21424435437174 11
1780961100891 91.1638679791546 12
1780961274912 91.92819918934569 13
1780961448566 92.17139548349739 14
1780961622334 93.52634626519976 15
1780961793473 93.30631152287204 16
1780961964690 94.29067747539085 17
