1779655075508 44.99131441806601 0
1779655245376 72.77359583092067 1
1779655416383 77.44064852345107 2
1779655582657 80.10422698320788 3
1779655756837 81.89924724956572 4
1779655945219 83.30052113491604 5
1779656126499 84.20382165605096 6
1779656290000 85.17660683265778 7
1779656456066 86.5778807180081 8
1779656629122 87.46960046323103 9
1779656797554 88.11812391430226 10
1779656963477 88.52345107122177 11
1779657126139 89.38042848870874 12
1779657293885 89.56572090330052 13
1779657459624 90.97857556456283 14
1779657626785 91.12912565141865 15
1779657792556 91.21019108280255 16
1779657957961 92.05558772437753 17
1779658131888 92.54198031268095 18
1779658307383 92.88940359004053 19
1779658476427 92.93572669368848 20
1779658645554 93.22524609148813 21
1779658815023 94.19803126809497 22
1779658983611 94.22119281991894 23
1779659152198 94.03590040532715 24
1779659322419 94.18645049218297 25
1779659504114 94.5917776491025 26
1779655075508 44.99131441806601 0
