1779655075508 2.2025005611004653 0
1779655245376 1.4336767547660403 1
1779655416383 1.3005059275362227 2
1779655582657 1.214475812404244 3
1779655756837 1.1632010764545864 4
1779655945219 1.1201520571002255 5
1779656126499 1.0903364407795446 6
1779656290000 1.063588461500627 7
1779656456066 1.024607899122768 8
1779656629122 0.9977444107885713 9
1779656797554 0.9901413333636743 10
1779656963477 0.9642415583133698 11
1779657126139 0.9454007425793896 12
1779657293885 0.9385774545095585 13
1779657459624 0.9040177450135902 14
1779657626785 0.8959846899465278 15
1779657792556 0.8921077605750826 16
1779657957961 0.8680988376891171 17
1779658131888 0.8559285872512393 18
1779658307383 0.848761546391028 19
1779658476427 0.8400746427200458 20
1779658645554 0.8419034083684286 21
1779658815023 0.8123201210189749 22
1779658983611 0.8096640038269537 23
1779659152198 0.8166338983509276 24
1779659322419 0.8105155614791093 25
1779659504114 0.7943338107179713 26
1779655075508 2.2025005611004653 0
