1780968500564 49.39200926462073 0
1780968542058 73.85060799073538 1
1780968583618 78.26288361320208 2
1780968625255 81.72553561088593 3
1780968666870 83.19629415170816 4
1780968708519 85.38506079907354 5
1780968750164 88.02547770700637 6
1780968791652 89.27620150550086 7
1780968833270 90.2489866821077 8
1780968874870 91.77764910248986 9
1780968916247 92.72727272727273 10
1780968957655 93.87376954255936 11
1780968999170 94.20961204400695 12
1780969040700 94.64968152866243 13
1780969082230 95.46033584250145 14
1780969123687 95.47191661841343 15
1780969165330 95.19397799652577 16
1780969207617 96.0046323103648 17
1780969249743 95.70353213665315 18
1780969291948 95.9930515344528 19
1780969334097 96.51418645049219 20
1780969376433 96.60683265778808 21
1780969420911 96.62999420961205 22
1780969464831 97.00057903879559 23
1780969507377 97.31325998841922 24
1780969549848 97.03532136653156 25
1780969592195 97.27851766068326 26
1780969634729 97.35958309206717 27
1780969677078 97.4174869716271 28
1780969719343 97.24377533294731 29
1780969761014 97.13954834973943 30
1780969802376 97.22061378112333 31
1780969843713 97.60277938621887 32
1780969885256 97.48697162709901 33
1780969926942 97.81123335263463 34
1780969968330 97.52171395483498 35
1780970010106 97.84597568037059 36
1780970051552 98.11233352634626 37
1780970093065 97.9965257672264 38
1780970134478 97.96178343949045 39
1780970175851 97.95020266357847 40
1780970217450 98.08917197452229 41
1780970259559 98.27446438911407 42
1780970302029 98.06601042269833 43
1780970344360 98.27446438911407 44
1780970387043 98.26288361320208 45
1780970429509 98.27446438911407 46
1780970471939 98.2513028372901 47
1780970514518 98.27446438911407 48
1780970556938 98.332368268674 49
1780968500564 49.39200926462073 0
