1780968500564 2.149741745436633 0
1780968542058 1.445465616164384 1
1780968583618 1.3117463456259832 2
1780968625255 1.219723019555763 3
1780968666870 1.156483143568039 4
1780968708519 1.1031407996460243 5
1780968750164 1.0438337906643196 6
1780968791652 1.008652154604594 7
1780968833270 0.9772950088536297 8
1780968874870 0.9319085659804167 9
1780968916247 0.9131663095068049 10
1780968957655 0.8798268503612943 11
1780968999170 0.8700393544303047 12
1780969040700 0.8528976259408174 13
1780969082230 0.8303408293812363 14
1780969123687 0.8319699214564429 15
1780969165330 0.8332418212184199 16
1780969207617 0.8152243740028805 17
1780969249743 0.8173646251360576 18
1780969291948 0.8103650236571277 19
1780969334097 0.795860473535679 20
1780969376433 0.792711987318816 21
1780969420911 0.7911033127042982 22
1780969464831 0.779832062014827 23
1780969507377 0.7725497585755807 24
1780969549848 0.7733760385601609 25
1780969592195 0.7649881599126038 26
1780969634729 0.7654592494169871 27
1780969677078 0.7641726149453058 28
1780969719343 0.7621454786371302 29
1780969761014 0.7684033983283572 30
1780969802376 0.7656255446098469 31
1780969843713 0.750252651947516 32
1780969885256 0.7539392444822524 33
1780969926942 0.7497988440372326 34
1780969968330 0.7510138778774826 35
1780970010106 0.7431648766552961 36
1780970051552 0.7374687391298789 37
1780970093065 0.7355655177875802 38
1780970134478 0.7357680890295241 39
1780970175851 0.7364012479782105 40
1780970217450 0.7347019076347351 41
1780970259559 0.7304146658491205 42
1780970302029 0.7324954103540491 43
1780970344360 0.7280163809105202 44
1780970387043 0.7263536369359052 45
1780970429509 0.7230788288293062 46
1780970471939 0.7255669567320082 47
1780970514518 0.7267791379381109 48
1780970556938 0.7207209514247046 49
1780968500564 2.149741745436633 0
