1780974970913 2.236568848733549 0
1780975148211 1.4375084508348395 1
1780975326135 1.2998309543839208 2
1780975510402 1.2135577047312702 3
1780975684820 1.1446037892942076 4
1780975861454 1.0999730829839354 5
1780976038665 1.0575806789928013 6
1780976215434 1.0332537589249788 7
1780976392300 1.0062483414455696 8
1780976569576 0.9658382961043606 9
1780976763939 0.9410929962440774 10
1780976940594 0.934544982292034 11
1780977104471 0.9061575211860515 12
1780977260659 0.8938035307107148 13
1780977416745 0.8814888616402944 14
1780977575538 0.8621069720497838 15
1780977733398 0.8515927835747048 16
1780977890798 0.83573611135836 17
1780978048327 0.8317372478820659 18
1780978205434 0.823745975891749 19
1780974970913 2.236568848733549 0
