1780974970913 45.61667631731326 0
1780975148211 73.1557614360162 1
1780975326135 77.89229878401854 2
1780975510402 80.72958888245512 3
1780975684820 83.02258251302837 4
1780975861454 84.3312101910828 5
1780976038665 85.80196873190503 6
1780976215434 86.40416907932831 7
1780976392300 87.93283149971047 8
1780976569576 89.06774753908512 9
1780976763939 89.93630573248407 10
1780976940594 90.12159814707586 11
1780977104471 91.17544875506658 12
1780977260659 91.81239143022583 13
1780977416745 92.41459177764911 14
1780977575538 92.86624203821655 15
1780977733398 93.39895773016792 16
1780977890798 93.56108859293573 17
1780978048327 93.93167342211929 18
1780978205434 94.18645049218297 19
1780974970913 45.61667631731326 0
