1779913136693 2.255979352085679 0
1779913294922 1.4655383812056648 1
1779913451292 1.31156146813322 2
1779913607914 1.2361286222934722 3
1779913764796 1.1560786520993267 4
1779913921541 1.1167981856399112 5
1779914078209 1.0739067784062137 6
1779914234941 1.0429935810742554 7
1779914391603 1.0182296359980547 8
1779914548190 0.9803944194758379 9
1779914704614 0.9551796968336459 10
1779914861314 0.934508557231338 11
1779915018299 0.930936398771074 12
1779915174979 0.9001951864472142 13
1779915331529 0.8842090834070135 14
1779915488097 0.8699321373745247 15
1779915644912 0.8412977788183424 16
1779915801734 0.8382440489751322 17
1779915958459 0.8247912764549256 18
1779916115287 0.8279022746615939 19
1779916271638 0.8119560056262546 20
1779916428180 0.8000719260286402 21
1779916584841 0.8061112975632703 22
