1779913136693 44.49334105385061 0
1779913294922 72.09033005211349 1
1779913451292 77.60277938621887 2
1779913607914 79.96525767226404 3
1779913764796 82.81412854661262 4
1779913921541 83.65952518818762 5
1779914078209 85.19976838448176 6
1779914234941 86.36942675159236 7
1779914391603 87.57382744643891 8
1779914548190 88.61609727851766 9
1779914704614 89.70469021424435 10
1779914861314 90.2605674580197 11
1779915018299 90.36479444122756 12
1779915174979 91.32599884192241 13
1779915331529 91.9976838448176 14
1779915488097 92.62304574406485 15
1779915644912 93.53792704111176 16
1779915801734 93.56108859293573 17
1779915958459 94.04748118123915 18
1779916115287 94.0011580775912 19
1779916271638 94.51071221771859 20
1779916428180 95.05500868558194 21
1779916584841 94.85813549507817 22
