1780972152177 57.18587145338738 0
1780972325508 77.60277938621887 1
1780972502150 80.93804284887088 2
1780972677026 84.6670526925304 3
1780972852359 86.06832657788071 4
1780973028842 88.17602779386219 5
1780973204393 89.58888245512449 6
1780973379890 90.30689056166763 7
1780973555103 91.0828025477707 8
1780973728959 92.71569195136074 9
1780973902519 93.7463810075275 10
1780974076753 93.46844238563983 11
1780974249076 93.93167342211929 12
1780974422104 95.03184713375796 13
1780974597077 94.90445859872611 14
1780974772189 95.0781702374059 15
