1780972152177 1.9097464164098104 0
1780972325508 1.2957106716103024 1
1780972502150 1.1817657201378433 2
1780972677026 1.087019682372058 3
1780972852359 1.0367974941377287 4
1780973028842 0.9858468587751742 5
1780973204393 0.941313151076988 6
1780973379890 0.9179870852717646 7
1780973555103 0.8938753452565935 8
1780973728959 0.8637920441450896 9
1780973902519 0.8325793008009593 10
1780974076753 0.8308213567292249 11
1780974249076 0.8203017336350901 12
1780974422104 0.7915651996930441 13
1780974597077 0.7962938392603839 14
1780974772189 0.7870107783211602 15
