1780970636428 2.869890825395231 0
1780970699294 1.7465266324855664 1
1780970761595 1.4678884969817267 2
1780970822785 1.3511307972448843 3
1780970884279 1.2744656141157504 4
1780970945479 1.2200277785460154 5
1780971006856 1.1744242626207846 6
1780971067974 1.1440552088949416 7
1780971129190 1.1064040682933949 8
1780971190406 1.078277141959579 9
1780971252334 1.0524145777578706 10
1780971314395 1.025423018358372 11
1780971376846 0.9997479968600803 12
1780971439281 0.9875812711539091 13
1780971501764 0.9670764602996685 14
1780971564202 0.9505661975454401 15
1780971626677 0.9273725134355051 16
1780971689051 0.9156350599394905 17
1780971750683 0.9106541697625761 18
1780971812146 0.8938986469198156 19
1780971873384 0.8835940425042753 20
1780971934693 0.8710099990721102 21
