1780970636428 24.794441227562245 0
1780970699294 62.35089751013318 1
1780970761595 71.62709901563404 2
1780970822785 75.96988998262884 3
1780970884279 78.44817602779386 4
1780970945479 79.83786913723219 5
1780971006856 81.7486971627099 6
1780971067974 82.86045165026057 7
1780971129190 84.04169079328315 8
1780971190406 85.32715691951361 9
1780971252334 85.84829183555298 10
1780971314395 86.85581933989577 11
1780971376846 87.97915460335842 12
1780971439281 88.41922408801389 13
1780971501764 88.82455124493342 14
1780971564202 90.19108280254777 15
1780971626677 90.53850607990735 16
1780971689051 91.12912565141865 17
1780971750683 91.31441806601042 18
1780971812146 91.71974522292993 19
1780971873384 92.12507237984946 20
1780971934693 92.61146496815287 21
1780970636428 24.794441227562245 0
