1779904483126 2.3627577706619545 0
1779904660778 1.5998026148036675 1
1779904843835 1.3851377273047412 2
1779905022255 1.290534605913692 3
1779905200840 1.2172687852824176 4
1779905380000 1.185433351552045 5
1779905559184 1.1469535711738799 6
1779905738235 1.1107273253025831 7
1779905916240 1.092935612908116 8
1779906098034 1.0642886247899797 9
1779906281763 1.034980125007806 10
1779906464701 1.0238110069875364 11
1779906642047 0.9984115405215157 12
1779906816807 0.9802545562938407 13
1779906991717 0.9698459490581796 14
1779907166439 0.9524252985362653 15
1779907341387 0.9210012069454899 16
1779907516083 0.9265087264555472 17
1779907690302 0.9257343942368472 18
1779907864726 0.9096156233990634 19
1779908039481 0.8882427512495606 20
1779908214388 0.8735966359023695 21
1779908388849 0.8715639569141247 22
1779908563006 0.866017539523266 23
1779908737687 0.8501923302809398 24
1779904483126 2.3627577706619545 0
