1779904483126 37.92704111175449 0
1779904660778 66.40416907932831 1
1779904843835 74.40648523451071 2
1779905022255 77.55645628257093 3
1779905200840 80.30110017371163 4
1779905380000 81.43601621308628 5
1779905559184 82.67515923566879 6
1779905738235 83.76375217139548 7
1779905916240 84.65547191661841 8
1779906098034 85.48928778228141 9
1779906281763 86.26519976838448 10
1779906464701 86.8326577880718 11
1779906642047 87.45801968731905 12
1779906816807 88.15286624203821 13
1779906991717 88.19918934568616 14
1779907166439 89.19513607411696 15
1779907341387 90.5848291835553 16
1779907516083 90.13317892298784 17
1779907690302 90.31847133757962 18
1779907864726 90.78170237405907 19
1779908039481 91.31441806601042 20
1779908214388 91.7544875506659 21
1779908388849 91.90503763752172 22
1779908563006 92.32194557035321 23
1779908737687 92.78517660683266 24
1779904483126 37.92704111175449 0
